teamlv,teamexplv,teamtotolexp,getphysical,getlimit,physicallimit,Recommendedstrength,powerlimit,item1,num1,item2,num2
1,400,400,0,1,100,930,150,91000002,10,0,0
2,460,860,0,1,100,1000,150,91000002,10,0,0
3,560,1420,0,1,100,3900,150,91000002,10,0,0
4,700,2120,0,1,100,5400,150,91000002,10,0,0
5,880,3000,0,1,100,5400,150,91000002,10,0,0
6,1100,4100,0,1,100,5800,150,91000002,10,0,0
7,1360,5460,0,1,100,9500,150,91000002,10,0,0
8,1660,7120,0,1,100,9500,150,91000002,10,0,0
9,2000,9120,0,1,100,10000,150,91000002,10,0,0
10,2380,11500,0,1,100,13400,150,91000002,10,0,0
11,2800,14300,0,1,100,14200,150,91000002,10,0,0
12,3260,17560,0,1,100,18500,150,91000002,10,0,0
13,3760,21320,0,1,100,27000,150,91000002,10,0,0
14,4300,25620,0,1,100,29600,150,91000002,10,0,0
15,4880,30500,0,1,100,37000,150,91000002,10,0,0
16,5500,36000,0,1,100,40000,150,91000002,10,0,0
17,6160,42160,0,1,100,44800,150,91000002,10,0,0
18,6860,49020,0,1,100,45300,150,91000002,10,0,0
19,7600,56620,0,1,100,46000,150,91000002,10,0,0
20,8380,65000,0,1,100,55000,150,91000002,10,0,0
21,9200,74200,0,1,100,57000,150,91000002,10,0,0
22,10060,84260,0,1,100,67000,150,91000002,10,0,0
23,10960,95220,0,1,100,67500,150,91000002,10,0,0
24,11900,107120,0,1,100,68100,150,91000002,10,0,0
25,12880,120000,0,1,100,72000,150,91000002,10,0,0
26,13900,133900,0,1,100,85000,150,91000002,10,0,0
27,14960,148860,0,1,100,100000,150,91000002,10,0,0
28,16060,164920,0,1,100,120000,150,91000002,10,0,0
29,17200,182120,0,1,100,130000,150,91000002,10,0,0
30,18380,200500,0,1,100,150000,150,91000002,10,0,0
31,19600,220100,0,1,100,160000,150,91000002,10,0,0
32,20860,240960,0,1,100,170000,150,91000002,10,0,0
33,22160,263120,0,1,100,180000,150,91000002,10,0,0
34,23500,286620,0,1,100,190000,150,91000002,10,0,0
35,24880,311500,0,1,100,200000,150,91000002,10,0,0
36,26300,337800,0,1,100,210000,150,91000002,10,0,0
37,27760,365560,0,1,100,220000,150,91000002,10,0,0
38,29260,394820,0,1,100,230000,150,91000002,10,0,0
39,30800,425620,0,1,100,240000,150,91000002,10,0,0
40,32380,458000,0,1,100,250000,150,91000002,10,0,0
41,34000,492000,0,1,100,260000,150,91000002,10,0,0
42,35660,527660,0,1,100,270000,150,91000002,10,0,0
43,37360,565020,0,1,100,280000,150,91000002,10,0,0
44,39100,604120,0,1,100,290000,150,91000002,10,0,0
45,40880,645000,0,1,100,300000,150,91000002,10,0,0
46,42700,687700,0,1,100,320000,150,91000002,10,0,0
47,44560,732260,0,1,100,340000,150,91000002,10,0,0
48,46460,778720,0,1,100,360000,150,91000002,10,0,0
49,48400,827120,0,1,100,380000,150,91000002,10,0,0
50,50380,877500,0,1,100,400000,150,91000002,10,0,0
51,52400,929900,0,1,100,420000,150,91000002,10,0,0
52,54460,984360,0,1,100,440000,150,91000002,10,0,0
53,56560,1040920,0,1,100,460000,150,91000002,10,0,0
54,58700,1099620,0,1,100,480000,150,91000002,10,0,0
55,60880,1160500,0,1,100,550000,150,91000002,10,0,0
56,63100,1223600,0,1,100,570000,150,91000002,10,0,0
57,65360,1288960,0,1,100,590000,150,91000002,10,0,0
58,67660,1356620,0,1,100,610000,150,91000002,10,0,0
59,70000,1426620,0,1,100,630000,150,91000002,10,0,0
60,72380,1499000,0,1,100,650000,150,91000002,10,0,0
61,74800,1573800,0,1,100,670000,150,91000002,10,0,0
62,77260,1651060,0,1,100,690000,150,91000002,10,0,0
63,79760,1730820,0,1,100,710000,150,91000002,10,0,0
64,82300,1813120,0,1,100,730000,150,91000002,10,0,0
65,84880,1898000,0,1,100,800000,150,91000002,10,0,0
66,87500,1985500,0,1,100,830000,150,91000002,10,0,0
67,90160,2075660,0,1,100,860000,150,91000002,10,0,0
68,92860,2168520,0,1,100,890000,150,91000002,10,0,0
69,95600,2264120,0,1,100,920000,150,91000002,10,0,0
70,98380,2362500,0,1,100,1000000,150,91000002,10,0,0
71,101200,2463700,0,1,100,1100000,150,91000002,10,0,0
72,104060,2567760,0,1,100,1200000,150,91000002,10,0,0
73,106960,2674720,0,1,100,1300000,150,91000002,10,0,0
74,109900,2784620,0,1,100,1400000,150,91000002,10,0,0
75,112880,2897500,0,1,100,1500000,150,91000002,10,0,0
76,115900,3013400,0,1,100,1600000,150,91000002,10,0,0
77,118960,3132360,0,1,100,1650000,150,91000002,10,0,0
78,122060,3254420,0,1,100,1700000,150,91000002,10,0,0
79,125200,3379620,0,1,100,1750000,150,91000002,10,0,0
80,128380,3508000,0,1,100,1800000,150,91000002,10,0,0
81,131600,3639600,0,1,100,1850000,150,91000002,10,0,0
82,134860,3774460,0,1,100,1900000,150,91000002,10,0,0
83,138160,3912620,0,1,100,1950000,150,91000002,10,0,0
84,141500,4054120,0,1,100,2000000,150,91000002,10,0,0
85,144880,4199000,0,1,100,2050000,150,91000002,10,0,0
86,148300,4347300,0,1,100,2100000,150,91000002,10,0,0
87,151760,4499060,0,1,100,2150000,150,91000002,10,0,0
88,155260,4654320,0,1,100,2200000,150,91000002,10,0,0
89,158800,4813120,0,1,100,2250000,150,91000002,10,0,0
90,162380,4975500,0,1,100,2300000,150,91000002,10,0,0
91,166000,5141500,0,1,100,2300000,150,91000002,10,0,0
92,169660,5311160,0,1,100,2300000,150,91000002,10,0,0
93,173360,5484520,0,1,100,2300000,150,91000002,10,0,0
94,177100,5661620,0,1,100,2300000,150,91000002,10,0,0
95,180880,5842500,0,1,100,2300000,150,91000002,10,0,0
96,184700,6027200,0,1,100,2300000,150,91000002,10,0,0
97,188560,6215760,0,1,100,2300000,150,91000002,10,0,0
98,192460,6408220,0,1,100,2300000,150,91000002,10,0,0
99,196400,6604620,0,1,100,2300000,150,91000002,10,0,0
100,200380,6805000,0,1,100,2300000,150,91000002,10,0,0
101,204400,7009400,0,1,100,2300000,150,91000002,10,0,0
102,208460,7217860,0,1,100,2300000,150,91000002,10,0,0
103,212560,7430420,0,1,100,2300000,150,91000002,10,0,0
104,216700,7647120,0,1,100,2300000,150,91000002,10,0,0
105,220880,7868000,0,1,100,2300000,150,91000002,10,0,0
106,225100,8093100,0,1,100,2300000,150,91000002,10,0,0
107,229360,8322460,0,1,100,2300000,150,91000002,10,0,0
108,233660,8556120,0,1,100,2300000,150,91000002,10,0,0
109,238000,8794120,0,1,100,2300000,150,91000002,10,0,0
110,242380,9036500,0,1,100,2300000,150,91000002,10,0,0
111,246800,9283300,0,1,100,2300000,150,91000002,10,0,0
112,251260,9534560,0,1,100,2300000,150,91000002,10,0,0
113,255760,9790320,0,1,100,2300000,150,91000002,10,0,0
114,260300,10050620,0,1,100,2300000,150,91000002,10,0,0
115,264880,10315500,0,1,100,2300000,150,91000002,10,0,0
116,269500,10585000,0,1,100,2300000,150,91000002,10,0,0
117,274160,10859160,0,1,100,2300000,150,91000002,10,0,0
118,278860,11138020,0,1,100,2300000,150,91000002,10,0,0
119,283600,11421620,0,1,100,2300000,150,91000002,10,0,0
120,288380,11710000,0,1,100,2300000,150,91000002,10,0,0
121,293200,12003200,0,1,100,2300000,150,91000002,10,0,0
122,298060,12301260,0,1,100,2300000,150,91000002,10,0,0
123,302960,12604220,0,1,100,2300000,150,91000002,10,0,0
124,307900,12912120,0,1,100,2300000,150,91000002,10,0,0
125,312880,13225000,0,1,100,2300000,150,91000002,10,0,0
126,317900,13542900,0,1,100,2300000,150,91000002,10,0,0
127,322960,13865860,0,1,100,2300000,150,91000002,10,0,0
128,328060,14193920,0,1,100,2300000,150,91000002,10,0,0
129,333200,14527120,0,1,100,2300000,150,91000002,10,0,0
130,338380,14865500,0,1,100,2300000,150,91000002,10,0,0
131,343600,15209100,0,1,100,2300000,150,91000002,10,0,0
132,348860,15557960,0,1,100,2300000,150,91000002,10,0,0
133,354160,15912120,0,1,100,2300000,150,91000002,10,0,0
134,359500,16271620,0,1,100,2300000,150,91000002,10,0,0
135,364880,16636500,0,1,100,2300000,150,91000002,10,0,0
136,370300,17006800,0,1,100,2300000,150,91000002,10,0,0
137,375760,17382560,0,1,100,2300000,150,91000002,10,0,0
138,381260,17763820,0,1,100,2300000,150,91000002,10,0,0
139,386800,18150620,0,1,100,2300000,150,91000002,10,0,0
140,392380,18543000,0,1,100,2300000,150,91000002,10,0,0
141,398000,18941000,0,1,100,2300000,150,91000002,10,0,0
142,403660,19344660,0,1,100,2300000,150,91000002,10,0,0
143,409360,19754020,0,1,100,2300000,150,91000002,10,0,0
144,415100,20169120,0,1,100,2300000,150,91000002,10,0,0
145,420880,20590000,0,1,100,2300000,150,91000002,10,0,0
146,426700,21016700,0,1,100,2300000,150,91000002,10,0,0
147,432560,21449260,0,1,100,2300000,150,91000002,10,0,0
148,438460,21887720,0,1,100,2300000,150,91000002,10,0,0
149,444400,22332120,0,1,100,2300000,150,91000002,10,0,0
150,450380,22782500,0,1,100,2300000,150,91000002,10,0,0
151,456400,23238900,0,1,100,2300000,150,91000002,10,0,0
152,462460,23701360,0,1,100,2300000,150,91000002,10,0,0
153,468560,24169920,0,1,100,2300000,150,91000002,10,0,0
154,474700,24644620,0,1,100,2300000,150,91000002,10,0,0
155,480880,25125500,0,1,100,2300000,150,91000002,10,0,0
156,487100,25612600,0,1,100,2300000,150,91000002,10,0,0
157,493360,26105960,0,1,100,2300000,150,91000002,10,0,0
158,499660,26605620,0,1,100,2300000,150,91000002,10,0,0
159,506000,27111620,0,1,100,2300000,150,91000002,10,0,0
160,512380,27624000,0,1,100,2300000,150,91000002,10,0,0
161,518800,28142800,0,1,100,2300000,150,91000002,10,0,0
162,525260,28668060,0,1,100,2300000,150,91000002,10,0,0
163,531760,29199820,0,1,100,2300000,150,91000002,10,0,0
164,538300,29738120,0,1,100,2300000,150,91000002,10,0,0
165,544880,30283000,0,1,100,2300000,150,91000002,10,0,0
166,551500,30834500,0,1,100,2300000,150,91000002,10,0,0
167,558160,31392660,0,1,100,2300000,150,91000002,10,0,0
168,564860,31957520,0,1,100,2300000,150,91000002,10,0,0
169,571600,32529120,0,1,100,2300000,150,91000002,10,0,0
170,578380,33107500,0,1,100,2300000,150,91000002,10,0,0
171,585200,33692700,0,1,100,2300000,150,91000002,10,0,0
172,592060,34284760,0,1,100,2300000,150,91000002,10,0,0
173,598960,34883720,0,1,100,2300000,150,91000002,10,0,0
174,605900,35489620,0,1,100,2300000,150,91000002,10,0,0
175,612880,36102500,0,1,100,2300000,150,91000002,10,0,0
176,619900,36722400,0,1,100,2300000,150,91000002,10,0,0
177,626960,37349360,0,1,100,2300000,150,91000002,10,0,0
178,634060,37983420,0,1,100,2300000,150,91000002,10,0,0
179,641200,38624620,0,1,100,2300000,150,91000002,10,0,0
180,648380,39273000,0,1,100,2300000,150,91000002,10,0,0
181,655600,39928600,0,1,100,2300000,150,91000002,10,0,0
182,662860,40591460,0,1,100,2300000,150,91000002,10,0,0
183,670160,41261620,0,1,100,2300000,150,91000002,10,0,0
184,677500,41939120,0,1,100,2300000,150,91000002,10,0,0
185,684880,42624000,0,1,100,2300000,150,91000002,10,0,0
186,692300,43316300,0,1,100,2300000,150,91000002,10,0,0
187,699760,44016060,0,1,100,2300000,150,91000002,10,0,0
188,707260,44723320,0,1,100,2300000,150,91000002,10,0,0
189,714800,45438120,0,1,100,2300000,150,91000002,10,0,0
190,722380,46160500,0,1,100,2300000,150,91000002,10,0,0
191,730000,46890500,0,1,100,2300000,150,91000002,10,0,0
192,737660,47628160,0,1,100,2300000,150,91000002,10,0,0
193,745360,48373520,0,1,100,2300000,150,91000002,10,0,0
194,753100,49126620,0,1,100,2300000,150,91000002,10,0,0
195,760880,49887500,0,1,100,2300000,150,91000002,10,0,0
196,768700,50656200,0,1,100,2300000,150,91000002,10,0,0
197,776560,51432760,0,1,100,2300000,150,91000002,10,0,0
198,784460,52217220,0,1,100,2300000,150,91000002,10,0,0
199,792400,53009620,0,1,100,2300000,150,91000002,10,0,0
200,800380,53810000,0,1,100,2300000,150,91000002,10,0,0
201,808400,54618400,0,1,100,2300000,150,91000002,10,0,0
202,816460,55434860,0,1,100,2300000,150,91000002,10,0,0
203,824560,56259420,0,1,100,2300000,150,91000002,10,0,0
204,832700,57092120,0,1,100,2300000,150,91000002,10,0,0
205,840880,57933000,0,1,100,2300000,150,91000002,10,0,0
206,849100,58782100,0,1,100,2300000,150,91000002,10,0,0
207,857360,59639460,0,1,100,2300000,150,91000002,10,0,0
208,865660,60505120,0,1,100,2300000,150,91000002,10,0,0
209,874000,61379120,0,1,100,2300000,150,91000002,10,0,0
210,882380,62261500,0,1,100,2300000,150,91000002,10,0,0
211,890800,63152300,0,1,100,2300000,150,91000002,10,0,0
212,899260,64051560,0,1,100,2300000,150,91000002,10,0,0
213,907760,64959320,0,1,100,2300000,150,91000002,10,0,0
214,916300,65875620,0,1,100,2300000,150,91000002,10,0,0
215,924880,66800500,0,1,100,2300000,150,91000002,10,0,0
216,933500,67734000,0,1,100,2300000,150,91000002,10,0,0
217,942160,68676160,0,1,100,2300000,150,91000002,10,0,0
218,950860,69627020,0,1,100,2300000,150,91000002,10,0,0
219,959600,70586620,0,1,100,2300000,150,91000002,10,0,0
220,968380,71555000,0,1,100,2300000,150,91000002,10,0,0
221,977200,72532200,0,1,100,2300000,150,91000002,10,0,0
222,986060,73518260,0,1,100,2300000,150,91000002,10,0,0
223,994960,74513220,0,1,100,2300000,150,91000002,10,0,0
224,1003900,75517120,0,1,100,2300000,150,91000002,10,0,0
225,1012880,76530000,0,1,100,2300000,150,91000002,10,0,0
226,1021900,77551900,0,1,100,2300000,150,91000002,10,0,0
227,1030960,78582860,0,1,100,2300000,150,91000002,10,0,0
228,1040060,79622920,0,1,100,2300000,150,91000002,10,0,0
229,1049200,80672120,0,1,100,2300000,150,91000002,10,0,0
230,1058380,81730500,0,1,100,2300000,150,91000002,10,0,0
231,1067600,82798100,0,1,100,2300000,150,91000002,10,0,0
232,1076860,83874960,0,1,100,2300000,150,91000002,10,0,0
233,1086160,84961120,0,1,100,2300000,150,91000002,10,0,0
234,1095500,86056620,0,1,100,2300000,150,91000002,10,0,0
235,1104880,87161500,0,1,100,2300000,150,91000002,10,0,0
236,1114300,88275800,0,1,100,2300000,150,91000002,10,0,0
237,1123760,89399560,0,1,100,2300000,150,91000002,10,0,0
238,1133260,90532820,0,1,100,2300000,150,91000002,10,0,0
239,1142800,91675620,0,1,100,2300000,150,91000002,10,0,0
240,1152380,92828000,0,1,100,2300000,150,91000002,10,0,0
241,1162000,93990000,0,1,100,2300000,150,91000002,10,0,0
242,1171660,95161660,0,1,100,2300000,150,91000002,10,0,0
243,1181360,96343020,0,1,100,2300000,150,91000002,10,0,0
244,1191100,97534120,0,1,100,2300000,150,91000002,10,0,0
245,1200880,98735000,0,1,100,2300000,150,91000002,10,0,0
246,1210700,99945700,0,1,100,2300000,150,91000002,10,0,0
247,1220560,101166260,0,1,100,2300000,150,91000002,10,0,0
248,1230460,102396720,0,1,100,2300000,150,91000002,10,0,0
249,1240400,103637120,0,1,100,2300000,150,91000002,10,0,0
250,1250380,104887500,0,1,100,2300000,150,91000002,10,0,0
251,1260400,106147900,0,1,100,2300000,150,91000002,10,0,0
252,1270460,107418360,0,1,100,2300000,150,91000002,10,0,0
253,1280560,108698920,0,1,100,2300000,150,91000002,10,0,0
254,1290700,109989620,0,1,100,2300000,150,91000002,10,0,0
255,1300880,111290500,0,1,100,2300000,150,91000002,10,0,0
256,1311100,112601600,0,1,100,2300000,150,91000002,10,0,0
257,1321360,113922960,0,1,100,2300000,150,91000002,10,0,0
258,1331660,115254620,0,1,100,2300000,150,91000002,10,0,0
259,1342000,116596620,0,1,100,2300000,150,91000002,10,0,0
260,1352380,117949000,0,1,100,2300000,150,91000002,10,0,0
261,1362800,119311800,0,1,100,2300000,150,91000002,10,0,0
262,1373260,120685060,0,1,100,2300000,150,91000002,10,0,0
263,1383760,122068820,0,1,100,2300000,150,91000002,10,0,0
264,1394300,123463120,0,1,100,2300000,150,91000002,10,0,0
265,1404880,124868000,0,1,100,2300000,150,91000002,10,0,0
266,1415500,126283500,0,1,100,2300000,150,91000002,10,0,0
267,1426160,127709660,0,1,100,2300000,150,91000002,10,0,0
268,1436860,129146520,0,1,100,2300000,150,91000002,10,0,0
269,1447600,130594120,0,1,100,2300000,150,91000002,10,0,0
270,1458380,132052500,0,1,100,2300000,150,91000002,10,0,0
271,1469200,133521700,0,1,100,2300000,150,91000002,10,0,0
272,1480060,135001760,0,1,100,2300000,150,91000002,10,0,0
273,1490960,136492720,0,1,100,2300000,150,91000002,10,0,0
274,1501900,137994620,0,1,100,2300000,150,91000002,10,0,0
275,1512880,139507500,0,1,100,2300000,150,91000002,10,0,0
276,1523900,141031400,0,1,100,2300000,150,91000002,10,0,0
277,1534960,142566360,0,1,100,2300000,150,91000002,10,0,0
278,1546060,144112420,0,1,100,2300000,150,91000002,10,0,0
279,1557200,145669620,0,1,100,2300000,150,91000002,10,0,0
280,1568380,147238000,0,1,100,2300000,150,91000002,10,0,0
281,1579600,148817600,0,1,100,2300000,150,91000002,10,0,0
282,1590860,150408460,0,1,100,2300000,150,91000002,10,0,0
283,1602160,152010620,0,1,100,2300000,150,91000002,10,0,0
284,1613500,153624120,0,1,100,2300000,150,91000002,10,0,0
285,1624880,155249000,0,1,100,2300000,150,91000002,10,0,0
286,1636300,156885300,0,1,100,2300000,150,91000002,10,0,0
287,1647760,158533060,0,1,100,2300000,150,91000002,10,0,0
288,1659260,160192320,0,1,100,2300000,150,91000002,10,0,0
289,1670800,161863120,0,1,100,2300000,150,91000002,10,0,0
290,1682380,163545500,0,1,100,2300000,150,91000002,10,0,0
291,1694000,165239500,0,1,100,2300000,150,91000002,10,0,0
292,1705660,166945160,0,1,100,2300000,150,91000002,10,0,0
293,1717360,168662520,0,1,100,2300000,150,91000002,10,0,0
294,1729100,170391620,0,1,100,2300000,150,91000002,10,0,0
295,1740880,172132500,0,1,100,2300000,150,91000002,10,0,0
296,1752700,173885200,0,1,100,2300000,150,91000002,10,0,0
297,1764560,175649760,0,1,100,2300000,150,91000002,10,0,0
298,1776460,177426220,0,1,100,2300000,150,91000002,10,0,0
299,1788400,179214620,0,1,100,2300000,150,91000002,10,0,0
300,1800380,181015000,0,1,100,2300000,150,91000002,10,0,0
